Fecha: 2022/06/22 22:17:39  Cliente: 127.0.0.1 [-1.000000 - 1 - 2 - 3]
Fecha: 2022/06/22 22:18:53  Cliente: 127.0.0.1 [1860.290039 - 150 - 450 - 14]
